(13677.863,[2,79,195,19,335,191,308,311,51,174,130,28,131,258,309,163,346,171,147,219,303,227,329,262,172,156,78,66,207,215,338,127,133,11,293,145,239,112,143,140,91,117,61,263,158,181,271,326,52,41,149,148,83,6,59,320,85,226,1,268,231,114,157,48,300,237,277,76,184,110,121,122,189,111,129,194,0,248,323,56,13,312,74,345,105,62,186,247,245,134,101,285,200,94,199,100,318,304,70,7,103,250,297,175,63,176,168,36,39,125,128,88,255,317,69,269,53,118,272,104,15,198,333,246,192,270,259,188,139,187,204,150,38,343,223,179,331,322,328,193,98,261,167,279,55,287,341,336,102,220,135,87,49,283,3,152,96,8,97,165,24,302,228,137,92,72,71,12,216,162,249,182,42,294,256,266,178,169,67,138,40,295,159,124,37,75,136,242,180,209,113,33,275,21,316,115,344,10,208,29,197,229,25,205,27,315,173,44,77,221,288,253,307,47,123,46,306,177,26,153,330,265,298,210,327,50,284,254,222,260,58,339,45,14,310,213,89,201,243,170,144,214,241,54,305,281,290,142,286,235,301,334,109,154,217,160,80,93,314,273,202,9,5,232,164,196,257,342,120,203,4,84,321,43,90,278,73,31,280,141,126,236,166,324,224,332,132,35,296,233,292,17,313,274,16,267,60,337,185,264,218,244,282,251,146,22,65,30,206,82,57,190,240,32,155,225,151,86,340,211,291,252,99,34,119,116,18,319,289,230,299,107,183,161,106,212,81,108,276,64,95,234,20,23,238,68,325,347])

(13326.493,[325,68,238,23,130,226,28,131,258,309,95,64,234,20,81,108,276,163,346,171,147,219,303,227,262,172,156,78,66,207,215,338,127,54,305,281,290,142,214,241,133,11,112,239,339,145,293,243,201,89,170,144,154,109,286,235,301,334,296,233,292,17,313,274,212,106,183,107,82,57,206,30,161,16,267,35,132,332,224,166,324,202,9,5,273,314,93,80,160,217,310,14,213,45,298,327,210,265,330,306,177,26,153,257,196,164,232,120,342,203,4,84,236,126,73,90,43,321,278,31,280,141,218,244,251,282,264,185,60,337,146,65,22,190,240,32,155,225,211,291,252,99,34,119,289,299,230,319,18,116,88,255,128,125,39,317,86,340,151,198,333,246,272,15,104,269,53,118,192,270,259,223,343,188,139,187,204,150,38,179,331,328,322,167,261,98,193,100,199,94,200,134,101,245,318,304,70,7,103,250,297,175,63,176,69,168,36,186,247,323,285,0,102,220,135,287,341,336,279,55,49,283,3,152,96,165,256,8,97,266,178,169,67,138,40,295,159,124,37,75,136,180,242,275,21,182,42,294,24,302,228,249,137,162,12,92,87,71,72,216,194,248,148,149,41,326,271,316,115,344,10,208,263,158,61,29,197,229,33,113,209,44,77,221,173,315,288,27,253,307,47,123,46,205,25,50,284,254,222,260,58,143,329,140,91,117,181,52,83,6,59,320,85,1,268,174,51,311,308,191,195,335,48,300,237,277,157,114,231,76,184,110,121,122,19,79,312,13,189,111,129,56,62,105,345,74,2,347])


(13310.373,[68,191,308,51,174,311,157,114,231,268,1,85,320,76,184,277,237,300,48,335,195,19,122,121,110,83,41,149,148,194,0,248,285,101,134,200,100,94,199,279,55,336,341,287,135,102,220,87,72,71,216,12,92,162,137,249,228,302,24,182,42,294,256,165,49,283,3,152,96,8,97,266,178,169,67,138,40,295,159,124,37,75,180,242,136,21,275,10,33,113,209,44,229,29,197,173,77,221,315,288,27,307,47,123,46,253,205,25,222,260,58,254,50,284,45,14,330,265,298,327,210,306,177,26,153,164,196,257,342,120,232,5,9,202,273,314,93,80,160,217,310,213,89,170,144,154,109,334,301,142,235,286,214,241,290,281,305,127,54,133,201,243,293,11,112,239,145,339,143,329,140,91,117,158,263,61,208,344,115,316,271,326,181,52,6,59,226,130,28,23,131,258,163,346,171,147,219,303,227,262,172,156,66,78,338,215,207,309,95,20,234,64,276,108,81,319,212,274,313,17,292,233,296,16,60,337,267,35,132,332,224,324,166,236,203,4,84,321,43,90,278,73,31,280,141,126,218,264,185,282,244,251,146,65,30,206,161,106,183,107,82,57,22,190,240,32,155,225,211,340,151,104,272,15,198,333,246,188,139,187,204,150,38,343,179,223,259,270,192,118,53,269,86,291,252,99,34,119,299,230,289,116,18,88,255,128,125,238,186,39,317,36,168,69,176,63,175,297,250,331,328,322,167,261,98,193,7,103,70,304,318,245,247,323,105,62,345,74,312,13,56,129,111,189,2,79,325,347])


(13189.504,[2,189,122,121,110,184,76,83,41,149,148,194,248,129,111,13,312,74,345,105,62,56,323,245,247,186,39,317,36,168,69,176,63,175,297,250,304,318,70,103,7,193,98,100,199,94,134,101,285,200,0,102,220,341,135,87,72,71,216,12,92,162,137,249,228,302,24,182,42,294,256,165,97,8,96,152,3,283,49,287,55,336,279,167,261,322,328,331,179,223,343,38,150,204,187,139,188,259,270,118,192,246,333,198,15,272,53,269,104,151,86,340,99,252,291,211,225,155,32,240,107,183,30,206,82,57,190,22,65,337,60,16,274,313,212,319,106,161,230,299,119,34,289,116,18,88,255,128,125,238,23,131,258,309,95,64,234,20,81,108,276,163,346,171,156,66,207,215,127,338,78,172,262,219,147,303,227,329,140,91,158,117,143,112,11,133,54,305,281,290,241,214,286,235,142,17,292,233,296,334,301,109,154,144,217,160,80,93,314,273,5,9,202,236,166,324,224,332,132,35,267,185,264,282,146,251,244,218,126,141,280,31,73,278,90,43,321,84,4,203,120,342,257,196,164,232,153,26,177,306,265,330,310,14,213,89,170,201,243,293,239,339,145,45,298,210,327,284,50,254,58,260,222,25,205,46,123,47,307,253,27,288,315,173,221,77,44,209,113,33,208,229,197,29,61,263,115,344,10,275,242,180,295,40,138,67,266,178,169,124,159,37,75,136,21,316,271,326,181,52,6,59,320,231,114,268,1,85,226,28,130,174,51,311,308,191,48,157,277,237,300,335,19,195,79,325,68,347])


(13150.983,[68,195,19,335,191,308,311,51,174,130,226,28,238,23,131,258,309,95,64,234,20,81,108,276,163,346,171,147,219,303,227,329,262,172,156,66,207,215,338,78,11,133,54,127,305,281,290,17,313,274,292,233,296,35,267,16,212,319,106,161,30,206,57,22,65,60,337,185,132,332,224,324,166,264,282,146,251,244,218,141,280,31,278,321,43,90,73,126,236,84,4,203,120,342,257,196,164,232,5,9,202,273,314,93,80,160,310,14,213,89,170,144,154,217,109,334,301,142,235,286,214,241,243,201,293,239,112,143,140,91,117,222,254,284,50,260,58,339,145,45,298,327,210,265,330,153,26,177,306,46,123,47,307,253,25,205,27,288,315,173,221,77,44,209,113,33,229,197,29,61,158,263,208,10,344,115,316,275,21,136,242,180,75,37,124,159,295,40,138,67,169,178,42,182,302,24,294,256,266,97,8,165,96,152,3,283,49,228,249,137,162,92,12,216,71,72,87,135,287,55,279,167,261,98,328,322,331,179,223,343,38,150,204,187,139,188,259,270,192,246,333,198,15,151,104,272,118,53,63,176,175,297,250,168,36,69,269,86,340,252,99,291,211,225,155,32,240,190,82,107,183,230,299,289,119,34,116,18,88,255,128,125,317,39,186,247,245,318,304,70,103,7,193,100,94,199,336,341,220,102,200,134,101,285,323,129,248,0,194,148,149,41,326,271,181,52,6,59,320,85,1,268,231,76,114,157,48,300,237,277,184,110,121,122,83,189,111,13,312,56,345,62,105,74,2,79,325,347])
