0
248
129
56
345
62
105
323
285
101
134
200
102
220
87
72
71
216
12
92
162
137
249
228
302
24
182
42
294
256
165
266
97
8
96
152
3
283
49
287
135
341
336
55
279
199
94
100
193
98
261
167
322
328
331
179
223
343
38
150
204
187
139
188
259
270
192
118
53
272
246
333
198
15
104
151
340
86
269
69
168
176
63
175
297
250
103
7
70
304
318
245
247
186
36
317
39
125
128
255
88
18
116
289
230
299
119
34
99
252
291
211
225
155
32
240
190
57
22
146
251
282
244
218
264
185
337
60
65
30
206
82
107
183
161
106
319
212
274
313
17
292
233
296
16
267
35
132
332
224
324
166
236
126
141
280
31
73
278
90
43
321
84
4
203
342
120
5
202
9
273
314
93
80
232
164
196
257
153
26
177
306
210
327
298
265
330
310
160
217
213
14
45
145
239
339
58
260
222
254
284
50
25
205
46
123
47
307
253
27
288
315
173
221
77
44
209
113
33
242
180
295
40
138
67
169
178
124
159
37
75
136
21
275
316
115
344
10
208
229
197
29
61
263
158
117
91
140
143
112
11
133
243
201
293
89
170
144
154
109
334
301
142
235
286
214
241
290
281
305
54
127
338
215
207
66
78
156
172
262
329
227
303
219
147
171
346
163
276
108
81
20
234
64
95
309
258
131
23
238
68
347
325
79
2
74
312
13
111
189
122
121
110
184
83
76
231
114
157
48
300
277
237
335
19
195
191
308
311
51
174
130
28
226
1
268
85
320
59
6
52
181
271
326
41
149
148
194
